11 0.491446 0.454563 0.047453 0.058778 92.8176
12 0.466386 0.453635 0.048539 0.057554 93.6877
13 0.443799 0.390080 0.043749 0.064831 89.7057
14 0.429076 0.451916 0.042377 0.060098 94.3073
15 0.400136 0.444863 0.042577 0.061432 92.6660
16 0.359859 0.450671 0.047220 0.089131 97.6885
17 0.321843 0.402194 0.035477 0.066491 131.0744
21 0.526504 0.459707 0.050160 0.055213 87.3832
22 0.549179 0.464094 0.038370 0.048883 88.8881
23 0.571039 0.412782 0.040997 0.056406 89.2957
24 0.585614 0.472433 0.039378 0.060662 91.8299
25 0.613529 0.458285 0.039747 0.052648 90.3155
26 0.652394 0.462326 0.046963 0.084551 84.1917
27 0.688874 0.412508 0.034943 0.069994 69.2701
31 0.512889 0.722836 0.053528 0.036598 91.7102
32 0.532052 0.736135 0.051127 0.041300 91.4266
33 0.555077 0.781622 0.045318 0.054340 84.2975
34 0.581217 0.740601 0.035775 0.059403 83.9747
35 0.622570 0.728723 0.032427 0.062811 82.0005
36 0.662276 0.665637 0.062508 0.092269 74.2667
37 0.712100 0.630306 0.045497 0.079010 66.7421
41 0.492988 0.720973 0.051381 0.038662 91.5207
42 0.470677 0.725728 0.043969 0.050205 90.7452
43 0.448244 0.779751 0.045913 0.057211 97.7998
44 0.420801 0.733059 0.035421 0.058181 94.7720
45 0.383596 0.719973 0.031394 0.063273 92.9251
46 0.338364 0.660323 0.061168 0.092688 105.1467
47 0.294032 0.618934 0.031625 0.076714 125.6660
