11 0.486734 0.549057 0.074233 0.055446 92.6128
12 0.458739 0.535045 0.048960 0.048963 92.5023
13 0.435668 0.448985 0.042749 0.066175 84.7631
14 0.410490 0.495049 0.041493 0.059626 89.5559
15 0.385090 0.465989 0.042478 0.070559 91.3665
16 0.335486 0.526291 0.051056 0.085705 96.9091
17 0.306208 0.437649 0.044632 0.083981 113.8653
21 0.518038 0.553683 0.073145 0.057716 91.2778
22 0.544546 0.538627 0.054024 0.050574 89.2340
23 0.571298 0.452468 0.045549 0.062720 95.9559
24 0.589481 0.507405 0.048392 0.062070 92.0246
25 0.617552 0.487208 0.045197 0.070202 90.4137
26 0.657373 0.537067 0.055304 0.091373 79.4623
27 0.693397 0.465828 0.041964 0.085027 60.6715
32 0.531479 0.688470 0.051296 0.047465 92.8215
34 0.601489 0.746165 0.042811 0.067804 86.3862
35 0.648986 0.735582 0.038638 0.069921 77.7206
36 0.686086 0.663331 0.079073 0.096357 70.1667
37 0.744587 0.651683 0.047262 0.086497 56.9645
43 0.403094 0.766588 0.047309 0.073294 101.0152
44 0.372682 0.731635 0.043143 0.066389 103.7873
45 0.329494 0.718458 0.043527 0.066910 103.9290
46 0.296201 0.637530 0.077356 0.091868 114.2960
47 0.248180 0.618057 0.049791 0.092923 128.0348
