11 0.473101 0.491670 0.077891 0.053394 89.5414
12 0.449848 0.485977 0.078024 0.047250 90.0635
13 0.422555 0.471711 0.085067 0.062429 90.6006
14 0.389976 0.467572 0.085484 0.066791 90.6094
15 0.365696 0.455457 0.082179 0.058035 97.5501
16 0.332669 0.434496 0.082610 0.084297 113.4574
17 0.300007 0.391173 0.066022 0.073363 123.1886
21 0.503558 0.491682 0.078409 0.054107 87.3931
22 0.529526 0.489012 0.075720 0.043903 88.0341
23 0.553739 0.475732 0.082983 0.054364 88.9763
24 0.583119 0.462700 0.079251 0.059580 87.6485
25 0.612115 0.450413 0.078204 0.059572 81.8887
26 0.644267 0.427660 0.077993 0.081859 75.2358
27 0.677294 0.383629 0.065852 0.088242 63.6514
28 0.690105 0.313646 0.048011 0.082505 68.8503
31 0.504087 0.637198 0.066527 0.042738 89.9755
32 0.527761 0.641276 0.069361 0.045107 90.8231
33 0.556427 0.645101 0.075767 0.052096 88.9310
34 0.589007 0.633875 0.074115 0.059779 84.4100
35 0.629107 0.613617 0.076259 0.065052 66.9412
36 0.670662 0.583590 0.077168 0.087005 65.5659
37 0.712756 0.550321 0.071703 0.087542 71.4562
41 0.478845 0.638678 0.068752 0.049111 89.7121
42 0.453913 0.638928 0.069773 0.042859 91.5050
43 0.424375 0.641468 0.076250 0.066684 101.1263
44 0.384388 0.633417 0.077637 0.061832 105.2261
45 0.346989 0.617135 0.081745 0.069023 114.1716
46 0.306272 0.583926 0.072710 0.083584 122.5796
47 0.265482 0.533748 0.079132 0.093394 119.5714
